0.000 0.267 0.454 0.155 0.000 0.000 0.197 0.000 0.000 0.000 0.153 0.000 0.000 0.539 0.000 0.252 0.000 0.000 0.295 0.232 0.256 0.183 0.277 0.000 0.266 0.191 0.180 0.094 0.202 0.157 0.213 0.000 0.203 0.254 0.333 0.000 0.258 0.263 0.000 0.186 0.000 0.233 0.000 0.197 0.000 0.342 0.000 0.258 0.135 0.223 0.178 0.431 0.160 0.262 0.000 0.205 0.317 0.000 0.357 0.000 0.149 0.123 0.274 0.149 0.179 0.000 0.000 0.318 0.000 0.304 0.000 0.257 0.000 0.093 0.288 0.372 0.000 0.099 0.263 0.234 0.189 0.366 0.227 0.240 0.169 0.263 0.354 0.343 0.000 0.337 0.233 0.510 0.000 0.235 0.000 0.000 0.000 0.000 0.346  
0.453 0.298 0.000 0.258 0.000 0.144 0.207 0.000 0.331 0.351 0.270 0.000 0.000 0.466 0.194 0.000 0.000 0.569 0.250 0.212 0.553 0.294 0.222 0.207 0.156 0.073 0.282 0.085 0.357 0.241 0.319 0.384 0.116 0.094 0.295 0.000 0.431 0.294 0.248 0.423 0.232 0.180 0.365 0.451 0.224 0.072 0.000 0.000 0.000 0.136 0.365 0.063 0.259 0.000 0.261 0.305 0.000 0.101 0.000 0.261 0.000 0.339 0.000 0.000 0.457 0.000 0.360 0.099 0.000 0.181 0.510 0.000 0.561 0.288 0.384 0.000 0.212 0.000 0.402 0.000 0.205 0.245 0.438 0.000 0.432 0.094 0.000 0.241 0.000 0.000 0.000 0.166 0.356 0.000 0.000 0.214 0.141 0.000 0.000  
0.000 0.000 0.209 0.000 0.332 0.196 0.251 0.213 0.000 0.303 0.000 0.142 0.000 0.000 0.000 0.283 0.000 0.253 0.159 0.419 0.224 0.213 0.384 0.294 0.178 0.327 0.388 0.000 0.237 0.226 0.269 0.000 0.000 0.000 0.191 0.079 0.374 0.327 0.321 0.162 0.372 0.121 0.269 0.429 0.455 0.289 0.108 0.228 0.222 0.258 0.213 0.316 0.080 0.000 0.261 0.000 0.238 0.173 0.287 0.397 0.274 0.155 0.000 0.282 0.272 0.167 0.000 0.341 0.286 0.310 0.397 0.000 0.464 0.000 0.115 0.225 0.406 0.350 0.000 0.352 0.328 0.271 0.084 0.117 0.316 0.187 0.349 0.307 0.000 0.252 0.282 0.000 0.731 0.000 0.208 0.365 0.000 0.188 0.534  
0.000 0.286 0.479 0.335 0.299 0.048 0.000 0.215 0.000 0.000 0.000 0.201 0.000 0.269 0.000 0.000 0.252 0.206 0.000 0.451 0.000 0.196 0.000 0.173 0.000 0.295 0.396 0.555 0.182 0.000 0.000 0.404 0.151 0.234 0.311 0.127 0.363 0.434 0.208 0.276 0.000 0.224 0.243 0.315 0.337 0.168 0.188 0.265 0.191 0.000 0.221 0.192 0.323 0.288 0.000 0.000 0.141 0.169 0.193 0.104 0.216 0.000 0.440 0.377 0.000 0.292 0.147 0.220 0.232 0.317 0.255 0.000 0.000 0.000 0.331 0.180 0.244 0.126 0.321 0.292 0.000 0.140 0.000 0.000 0.196 0.237 0.278 0.268 0.204 0.267 0.460 0.222 0.000 0.000 0.096 0.180 0.000 0.412 0.163  
0.353 0.451 0.000 0.000 0.357 0.304 0.000 0.245 0.232 0.000 0.231 0.353 0.434 0.000 0.183 0.248 0.260 0.000 0.000 0.429 0.269 0.287 0.390 0.491 0.384 0.124 0.260 0.102 0.135 0.300 0.155 0.350 0.217 0.000 0.000 0.231 0.370 0.316 0.374 0.366 0.157 0.258 0.092 0.235 0.363 0.530 0.000 0.272 0.330 0.000 0.140 0.000 0.000 0.307 0.223 0.000 0.419 0.200 0.000 0.277 0.232 0.333 0.000 0.122 0.629 0.000 0.441 0.245 0.201 0.132 0.399 0.575 0.199 0.374 0.276 0.000 0.000 0.370 0.126 0.000 0.389 0.147 0.000 0.283 0.120 0.000 0.507 0.284 0.082 0.142 0.180 0.322 0.219 0.252 0.338 0.201 0.187 0.000 0.105  
0.235 0.185 0.000 0.000 0.409 0.458 0.275 0.405 0.249 0.514 0.000 0.000 0.429 0.224 0.000 0.325 0.405 0.000 0.424 0.356 0.000 0.317 0.167 0.163 0.000 0.488 0.307 0.432 0.000 0.426 0.409 0.283 0.276 0.305 0.374 0.000 0.340 0.353 0.066 0.000 0.180 0.000 0.207 0.288 0.104 0.151 0.408 0.350 0.000 0.372 0.236 0.303 0.116 0.155 0.000 0.254 0.186 0.227 0.134 0.228 0.000 0.340 0.174 0.229 0.000 0.276 0.209 0.188 0.186 0.641 0.000 0.250 0.181 0.350 0.362 0.227 0.283 0.000 0.241 0.376 0.238 0.077 0.176 0.287 0.372 0.000 0.314 0.000 0.000 0.268 0.000 0.000 0.384 0.348 0.159 0.000 0.000 0.000 0.000  
0.524 0.000 0.235 0.439 0.236 0.000 0.128 0.236 0.000 0.447 0.338 0.337 0.218 0.196 0.000 0.110 0.184 0.296 0.457 0.224 0.000 0.000 0.183 0.101 0.245 0.368 0.146 0.000 0.387 0.442 0.000 0.254 0.000 0.219 0.450 0.000 0.137 0.425 0.210 0.332 0.478 0.344 0.309 0.392 0.186 0.064 0.333 0.000 0.284 0.351 0.000 0.000 0.201 0.190 0.187 0.222 0.073 0.000 0.335 0.363 0.204 0.243 0.350 0.156 0.273 0.274 0.229 0.314 0.263 0.328 0.046 0.273 0.127 0.091 0.319 0.000 0.207 0.000 0.178 0.362 0.227 0.146 0.354 0.197 0.000 0.399 0.178 0.206 0.079 0.385 0.175 0.766 0.000 0.259 0.391 0.241 0.000 0.000 0.132  
0.296 0.352 0.302 0.185 0.380 0.305 0.186 0.213 0.349 0.000 0.273 0.324 0.137 0.175 0.303 0.304 0.303 0.531 0.357 0.000 0.317 0.108 0.192 0.419 0.226 0.198 0.000 0.218 0.175 0.458 0.208 0.302 0.000 0.478 0.365 0.479 0.290 0.187 0.414 0.269 0.000 0.112 0.159 0.285 0.000 0.000 0.121 0.336 0.110 0.132 0.233 0.085 0.181 0.191 0.387 0.151 0.382 0.236 0.267 0.412 0.273 0.411 0.405 0.195 0.290 0.000 0.000 0.454 0.000 0.221 0.480 0.170 0.437 0.000 0.212 0.000 0.000 0.223 0.000 0.321 0.400 0.189 0.264 0.194 0.218 0.160 0.531 0.000 0.269 0.000 0.148 0.243 0.355 0.000 0.192 0.234 0.398 0.239 0.000  
0.357 0.225 0.000 0.272 0.383 0.000 0.096 0.674 0.186 0.250 0.428 0.104 0.367 0.631 0.355 0.162 0.221 0.214 0.357 0.435 0.078 0.239 0.184 0.080 0.000 0.363 0.525 0.167 0.266 0.208 0.524 0.000 0.585 0.220 0.129 0.000 0.277 0.279 0.211 0.352 0.465 0.000 0.273 0.373 0.540 0.117 0.229 0.258 0.259 0.282 0.000 0.218 0.113 0.000 0.391 0.064 0.325 0.210 0.132 0.000 0.297 0.101 0.000 0.337 0.210 0.000 0.255 0.225 0.106 0.000 0.177 0.063 0.148 0.281 0.330 0.445 0.304 0.000 0.293 0.215 0.368 0.178 0.152 0.302 0.000 0.311 0.000 0.161 0.374 0.530 0.210 0.272 0.072 0.176 0.220 0.000 0.000 0.000 0.000  
0.313 0.239 0.386 0.179 0.000 0.330 0.000 0.000 0.219 0.251 0.339 0.000 0.342 0.000 0.194 0.389 0.264 0.000 0.332 0.225 0.000 0.143 0.000 0.250 0.258 0.286 0.240 0.000 0.217 0.235 0.000 0.198 0.490 0.115 0.391 0.382 0.247 0.415 0.211 0.000 0.167 0.000 0.291 0.275 0.163 0.407 0.330 0.000 0.173 0.233 0.303 0.321 0.351 0.152 0.360 0.210 0.180 0.288 0.000 0.354 0.000 0.501 0.335 0.118 0.601 0.258 0.344 0.563 0.111 0.323 0.225 0.441 0.000 0.296 0.290 0.170 0.417 0.297 0.140 0.120 0.273 0.474 0.198 0.401 0.126 0.268 0.324 0.224 0.000 0.307 0.193 0.518 0.000 0.000 0.275 0.255 0.349 0.391 0.324  
0.221 0.132 0.000 0.219 0.456 0.046 0.246 0.136 0.266 0.000 0.504 0.099 0.000 0.221 0.234 0.000 0.572 0.000 0.000 0.350 0.362 0.168 0.448 0.191 0.234 0.286 0.311 0.150 0.357 0.207 0.359 0.506 0.000 0.109 0.266 0.283 0.405 0.096 0.451 0.605 0.127 0.241 0.000 0.248 0.399 0.349 0.273 0.000 0.276 0.275 0.187 0.058 0.000 0.286 0.000 0.000 0.136 0.200 0.199 0.295 0.488 0.427 0.436 0.188 0.236 0.000 0.216 0.000 0.207 0.031 0.203 0.000 0.497 0.096 0.344 0.000 0.128 0.000 0.455 0.305 0.290 0.363 0.197 0.251 0.254 0.189 0.342 0.302 0.000 0.000 0.157 0.000 0.463 0.000 0.203 0.294 0.318 0.000 0.172  
0.000 0.332 0.371 0.269 0.140 0.180 0.213 0.306 0.282 0.338 0.269 0.206 0.282 0.241 0.163 0.211 0.000 0.297 0.257 0.512 0.456 0.000 0.336 0.495 0.386 0.272 0.000 0.174 0.468 0.000 0.412 0.288 0.000 0.512 0.000 0.279 0.000 0.152 0.000 0.405 0.477 0.501 0.220 0.460 0.102 0.199 0.000 0.347 0.293 0.000 0.213 0.230 0.000 0.360 0.066 0.147 0.257 0.100 0.291 0.452 0.000 0.232 0.000 0.000 0.646 0.395 0.373 0.000 0.171 0.184 0.150 0.249 0.340 0.426 0.441 0.275 0.386 0.086 0.365 0.084 0.000 0.000 0.195 0.377 0.000 0.355 0.284 0.000 0.054 0.276 0.431 0.224 0.000 0.210 0.324 0.297 0.303 0.360 0.000  
0.000 0.077 0.170 0.412 0.239 0.065 0.359 0.000 0.327 0.263 0.258 0.170 0.453 0.262 0.428 0.000 0.385 0.297 0.632 0.436 0.000 0.000 0.168 0.000 0.324 0.488 0.286 0.086 0.174 0.217 0.178 0.328 0.497 0.427 0.325 0.248 0.405 0.197 0.258 0.273 0.226 0.336 0.254 0.000 0.000 0.385 0.372 0.487 0.000 0.000 0.000 0.129 0.143 0.293 0.317 0.000 0.167 0.161 0.300 0.000 0.197 0.352 0.375 0.341 0.000 0.000 0.175 0.269 0.185 0.384 0.146 0.166 0.000 0.000 0.167 0.475 0.151 0.241 0.192 0.183 0.370 0.326 0.000 0.234 0.238 0.000 0.376 0.190 0.161 0.000 0.447 0.000 0.000 0.562 0.000 0.164 0.345 0.000 0.172  
0.000 0.000 0.258 0.208 0.393 0.371 0.204 0.230 0.317 0.259 0.279 0.170 0.432 0.350 0.200 0.318 0.316 0.000 0.000 0.201 0.216 0.212 0.126 0.516 0.366 0.208 0.000 0.296 0.306 0.207 0.176 0.000 0.158 0.234 0.000 0.238 0.293 0.000 0.000 0.265 0.512 0.290 0.255 0.583 0.168 0.000 0.291 0.282 0.290 0.354 0.238 0.463 0.000 0.277 0.142 0.287 0.458 0.000 0.406 0.254 0.199 0.371 0.000 0.686 0.162 0.266 0.275 0.138 0.381 0.000 0.137 0.249 0.140 0.578 0.000 0.269 0.000 0.240 0.212 0.213 0.523 0.268 0.260 0.310 0.309 0.174 0.242 0.252 0.150 0.294 0.000 0.155 0.000 0.254 0.355 0.161 0.000 0.066 0.295  
0.253 0.343 0.000 0.000 0.639 0.062 0.241 0.549 0.269 0.291 0.441 0.292 0.146 0.347 0.445 0.301 0.000 0.417 0.359 0.000 0.410 0.000 0.366 0.000 0.146 0.340 0.253 0.000 0.481 0.111 0.257 0.215 0.000 0.358 0.379 0.000 0.405 0.309 0.305 0.248 0.000 0.189 0.306 0.535 0.271 0.479 0.000 0.382 0.437 0.144 0.000 0.434 0.370 0.411 0.201 0.406 0.149 0.285 0.236 0.000 0.257 0.000 0.315 0.000 0.167 0.287 0.274 0.000 0.472 0.000 0.000 0.277 0.498 0.266 0.351 0.000 0.363 0.630 0.250 0.105 0.141 0.506 0.260 0.283 0.000 0.000 0.369 0.371 0.228 0.237 0.000 0.248 0.162 0.335 0.311 0.000 0.000 0.082 0.000  
0.246 0.000 0.204 0.261 0.435 0.251 0.233 0.355 0.101 0.344 0.316 0.000 0.117 0.258 0.170 0.235 0.380 0.000 0.290 0.306 0.264 0.000 0.551 0.340 0.509 0.113 0.121 0.073 0.139 0.331 0.279 0.369 0.174 0.237 0.392 0.318 0.395 0.000 0.293 0.181 0.273 0.381 0.226 0.245 0.277 0.110 0.175 0.272 0.000 0.145 0.260 0.071 0.437 0.325 0.323 0.172 0.446 0.601 0.356 0.337 0.398 0.267 0.477 0.713 0.617 0.259 0.469 0.338 0.276 0.330 0.428 0.439 0.000 0.524 0.406 0.000 0.000 0.309 0.177 0.332 0.238 0.139 0.324 0.000 0.108 0.287 0.000 0.000 0.316 0.000 0.000 0.316 0.209 0.219 0.202 0.000 0.320 0.313 0.317  
0.237 0.000 0.090 0.161 0.338 0.413 0.207 0.320 0.162 0.280 0.428 0.245 0.160 0.264 0.000 0.202 0.411 0.117 0.000 0.112 0.476 0.212 0.000 0.290 0.235 0.352 0.533 0.227 0.286 0.119 0.421 0.348 0.249 0.225 0.262 0.185 0.000 0.200 0.404 0.340 0.351 0.000 0.439 0.000 0.359 0.577 0.386 0.104 0.243 0.363 0.522 0.000 0.154 0.409 0.136 0.421 0.284 0.000 0.280 0.363 0.112 0.140 0.126 0.256 0.297 0.000 0.503 0.576 0.468 0.000 0.337 0.172 0.332 0.376 0.142 0.261 0.297 0.076 0.216 0.118 0.386 0.378 0.250 0.288 0.375 0.187 0.455 0.157 0.000 0.316 0.137 0.000 0.000 0.187 0.354 0.244 0.156 0.000 0.000  
0.413 0.317 0.317 0.166 0.000 0.207 0.061 0.197 0.229 0.193 0.163 0.237 0.341 0.000 0.103 0.000 0.329 0.173 0.272 0.327 0.347 0.000 0.236 0.273 0.236 0.302 0.238 0.000 0.327 0.377 0.000 0.309 0.137 0.392 0.051 0.480 0.216 0.140 0.514 0.372 0.000 0.188 0.000 0.078 0.120 0.155 0.268 0.190 0.269 0.334 0.263 0.310 0.116 0.416 0.248 0.000 0.585 0.344 0.268 0.169 0.310 0.258 0.000 0.468 0.329 0.275 0.336 0.644 0.000 0.337 0.346 0.177 0.323 0.395 0.000 0.406 0.209 0.000 0.414 0.352 0.325 0.215 0.187 0.229 0.263 0.000 0.000 0.356 0.276 0.283 0.387 0.171 0.279 0.256 0.000 0.236 0.000 0.313 0.334  
0.204 0.000 0.164 0.240 0.183 0.469 0.192 0.368 0.000 0.231 0.451 0.174 0.349 0.000 0.240 0.000 0.397 0.230 0.000 0.000 0.269 0.157 0.284 0.163 0.000 0.246 0.128 0.086 0.386 0.243 0.000 0.185 0.223 0.357 0.342 0.463 0.480 0.083 0.000 0.000 0.463 0.000 0.628 0.327 0.826 0.510 0.137 0.165 0.059 0.364 0.664 0.407 0.227 0.395 0.269 0.218 0.423 0.377 0.000 0.266 0.217 0.158 0.163 0.468 0.226 0.340 0.000 0.000 0.790 0.317 0.000 0.323 0.000 0.128 0.000 0.000 0.128 0.086 0.373 0.000 0.570 0.158 0.401 0.304 0.337 0.228 0.206 0.269 0.348 0.000 0.000 0.130 0.156 0.118 0.000 0.101 0.348 0.000 0.091  
0.343 0.517 0.251 0.304 0.000 0.318 0.198 0.387 0.129 0.270 0.108 0.520 0.000 0.360 0.231 0.242 0.154 0.311 0.323 0.409 0.167 0.541 0.611 0.389 0.114 0.335 0.290 0.187 0.194 0.130 0.121 0.289 0.259 0.231 0.167 0.316 0.194 0.313 0.253 0.469 0.000 0.511 0.000 0.000 0.329 0.214 0.233 0.413 0.091 0.580 0.000 0.000 0.146 0.398 0.269 0.000 0.239 0.239 0.334 0.254 0.315 0.245 0.259 0.370 0.390 0.530 0.069 0.386 0.000 0.441 0.300 0.000 0.382 0.162 0.279 0.120 0.172 0.228 0.280 0.000 0.424 0.165 0.295 0.290 0.291 0.206 0.000 0.000 0.490 0.549 0.268 0.168 0.194 0.000 0.316 0.000 0.181 0.000 0.000  
0.259 0.299 0.000 0.284 0.179 0.326 0.304 0.246 0.000 0.000 0.205 0.256 0.188 0.274 0.198 0.000 0.360 0.180 0.206 0.188 0.360 0.000 0.000 0.271 0.414 0.369 0.153 0.000 0.416 0.000 0.147 0.536 0.171 0.254 0.000 0.257 0.376 0.482 0.000 0.343 0.000 0.323 0.339 0.441 0.289 0.300 0.649 0.284 0.000 0.439 0.334 0.159 0.260 0.128 0.410 0.216 0.415 0.179 0.308 0.402 0.000 0.152 0.000 0.227 0.135 0.384 0.372 0.303 0.256 0.664 0.184 0.323 0.642 0.000 0.493 0.366 0.000 0.288 0.390 0.356 0.593 0.316 0.088 0.000 0.000 0.233 0.000 0.237 0.346 0.000 0.125 0.259 0.000 0.384 0.000 0.420 0.000 0.095 0.198  
0.000 0.000 0.155 0.222 0.142 0.102 0.334 0.231 0.371 0.253 0.000 0.440 0.000 0.000 0.203 0.251 0.194 0.296 0.000 0.179 0.414 0.269 0.091 0.160 0.369 0.336 0.000 0.230 0.137 0.326 0.000 0.220 0.000 0.323 0.200 0.231 0.244 0.436 0.164 0.361 0.355 0.307 0.000 0.000 0.000 0.367 0.000 0.136 0.271 0.000 0.187 0.000 0.632 0.213 0.235 0.190 0.304 0.000 0.000 0.000 0.272 0.300 0.241 0.519 0.252 0.158 0.234 0.674 0.210 0.184 0.000 0.255 0.507 0.130 0.000 0.275 0.243 0.000 0.000 0.000 0.506 0.138 0.272 0.000 0.267 0.159 0.508 0.314 0.321 0.210 0.323 0.171 0.512 0.000 0.000 0.083 0.207 0.000 0.357  
0.000 0.159 0.388 0.000 0.296 0.326 0.000 0.344 0.059 0.171 0.368 0.288 0.000 0.479 0.085 0.332 0.000 0.085 0.191 0.211 0.200 0.000 0.184 0.000 0.354 0.107 0.403 0.000 0.233 0.000 0.218 0.000 0.339 0.000 0.418 0.000 0.419 0.435 0.000 0.000 0.000 0.000 0.278 0.213 0.740 0.000 0.233 0.393 0.123 0.190 0.224 0.000 0.268 0.098 0.263 0.186 0.131 0.355 0.259 0.178 0.166 0.242 0.385 0.118 0.584 0.152 0.482 0.176 0.269 0.133 0.168 0.478 0.000 0.190 0.281 0.281 0.180 0.283 0.314 0.349 0.235 0.134 0.428 0.162 0.425 0.093 0.185 0.000 0.366 0.441 0.136 0.000 0.000 0.176 0.206 0.000 0.155 0.145 0.000  
0.119 0.000 0.352 0.528 0.000 0.272 0.085 0.178 0.255 0.190 0.202 0.000 0.289 0.369 0.221 0.230 0.430 0.322 0.305 0.517 0.000 0.124 0.353 0.000 0.231 0.253 0.210 0.116 0.247 0.232 0.133 0.227 0.304 0.253 0.286 0.000 0.224 0.274 0.158 0.264 0.173 0.469 0.158 0.184 0.000 0.388 0.358 0.583 0.243 0.215 0.212 0.138 0.000 0.353 0.342 0.000 0.000 0.354 0.465 0.151 0.241 0.453 0.000 0.328 0.197 0.448 0.420 0.281 0.000 0.183 0.279 0.361 0.000 0.303 0.325 0.310 0.226 0.000 0.313 0.310 0.159 0.117 0.361 0.389 0.291 0.211 0.069 0.204 0.000 0.286 0.306 0.330 0.168 0.317 0.139 0.000 0.297 0.067 0.000  
0.220 0.324 0.246 0.587 0.194 0.297 0.234 0.213 0.156 0.000 0.171 0.264 0.122 0.230 0.000 0.220 0.395 0.211 0.222 0.376 0.139 0.237 0.235 0.190 0.330 0.000 0.300 0.272 0.000 0.246 0.339 0.000 0.365 0.225 0.248 0.000 0.256 0.054 0.183 0.337 0.265 0.471 0.422 0.285 0.154 0.255 0.372 0.612 0.219 0.000 0.354 0.251 0.221 0.300 0.365 0.429 0.402 0.417 0.693 0.283 0.271 0.328 0.244 0.428 0.196 0.223 0.161 0.140 0.294 0.434 0.146 0.274 0.345 0.263 0.137 0.192 0.362 0.000 0.308 0.387 0.251 0.125 0.233 0.131 0.000 0.267 0.000 0.281 0.180 0.128 0.133 0.241 0.134 0.311 0.239 0.161 0.309 0.214 0.000  
0.000 0.259 0.491 0.454 0.199 0.000 0.440 0.579 0.000 0.285 0.115 0.162 0.117 0.282 0.389 0.553 0.000 0.243 0.156 0.127 0.237 0.000 0.211 0.000 0.174 0.291 0.470 0.598 0.238 0.081 0.190 0.331 0.191 0.000 0.000 0.254 0.203 0.192 0.096 0.000 0.287 0.000 0.222 0.000 0.412 0.000 0.547 0.440 0.508 0.288 0.187 0.000 0.501 0.189 0.190 0.000 0.317 0.335 0.068 0.000 0.178 0.475 0.177 0.110 0.166 0.337 0.112 0.000 0.257 0.197 0.000 0.149 0.146 0.279 0.000 0.364 0.230 0.178 0.222 0.287 0.134 0.286 0.330 0.139 0.000 0.000 0.000 0.495 0.339 0.340 0.523 0.000 0.000 0.126 0.000 0.428 0.396 0.426 0.000  
0.079 0.000 0.086 0.132 0.392 0.000 0.338 0.368 0.243 0.199 0.400 0.291 0.256 0.361 0.138 0.170 0.302 0.343 0.179 0.218 0.127 0.000 0.142 0.194 0.000 0.310 0.275 0.273 0.000 0.274 0.367 0.175 0.405 0.346 0.243 0.233 0.107 0.417 0.132 0.305 0.163 0.289 0.318 0.269 0.000 0.268 0.570 0.293 0.000 0.237 0.216 0.376 0.206 0.000 0.545 0.390 0.378 0.000 0.205 0.195 0.228 0.136 0.124 0.311 0.299 0.000 0.000 0.298 0.417 0.200 0.254 0.252 0.146 0.333 0.274 0.246 0.309 0.409 0.157 0.000 0.218 0.538 0.312 0.431 0.378 0.137 0.276 0.393 0.000 0.239 0.278 0.504 0.000 0.208 0.000 0.000 0.353 0.421 0.000  
0.000 0.000 0.108 0.344 0.164 0.292 0.000 0.255 0.513 0.250 0.297 0.367 0.201 0.347 0.260 0.000 0.266 0.268 0.000 0.306 0.241 0.131 0.164 0.197 0.251 0.167 0.356 0.000 0.468 0.000 0.158 0.000 0.381 0.434 0.089 0.391 0.000 0.168 0.165 0.151 0.146 0.116 0.259 0.260 0.393 0.182 0.355 0.000 0.000 0.000 0.369 0.246 0.227 0.247 0.291 0.205 0.192 0.148 0.236 0.263 0.169 0.287 0.237 0.408 0.219 0.000 0.151 0.397 0.210 0.000 0.321 0.214 0.284 0.230 0.259 0.116 0.000 0.000 0.331 0.265 0.225 0.150 0.378 0.194 0.248 0.401 0.220 0.185 0.131 0.000 0.323 0.174 0.333 0.340 0.446 0.000 0.412 0.285 0.423  
0.000 0.460 0.209 0.117 0.134 0.109 0.483 0.187 0.159 0.186 0.331 0.425 0.194 0.113 0.179 0.192 0.186 0.104 0.318 0.000 0.037 0.181 0.354 0.000 0.184 0.000 0.102 0.000 0.390 0.000 0.202 0.262 0.000 0.193 0.507 0.605 0.215 0.094 0.151 0.267 0.291 0.258 0.397 0.000 0.426 0.167 0.000 0.211 0.338 0.218 0.000 0.288 0.245 0.139 0.327 0.173 0.000 0.268 0.405 0.080 0.000 0.305 0.000 0.273 0.090 0.330 0.246 0.000 0.255 0.125 0.568 0.309 0.000 0.124 0.317 0.373 0.347 0.000 0.000 0.250 0.351 0.000 0.552 0.286 0.254 0.000 0.328 0.163 0.145 0.347 0.213 0.203 0.274 0.420 0.092 0.252 0.379 0.153 0.588  
0.000 0.260 0.213 0.443 0.233 0.000 0.209 0.385 0.250 0.383 0.247 0.000 0.184 0.253 0.256 0.243 0.290 0.235 0.413 0.000 0.131 0.121 0.378 0.000 0.311 0.251 0.264 0.145 0.180 0.290 0.321 0.391 0.272 0.270 0.256 0.203 0.081 0.299 0.235 0.278 0.349 0.203 0.350 0.264 0.000 0.211 0.530 0.057 0.191 0.000 0.262 0.253 0.222 0.000 0.332 0.331 0.089 0.000 0.408 0.033 0.579 0.427 0.187 0.351 0.147 0.199 0.347 0.120 0.282 0.202 0.537 0.292 0.088 0.285 0.108 0.000 0.329 0.365 0.536 0.281 0.222 0.293 0.097 0.170 0.178 0.449 0.456 0.000 0.112 0.158 0.428 0.498 0.000 0.000 0.000 0.211 0.000 0.000 0.000  
0.303 0.000 0.203 0.218 0.000 0.335 0.300 0.000 0.249 0.000 0.229 0.308 0.276 0.159 0.279 0.268 0.224 0.188 0.254 0.293 0.160 0.100 0.289 0.362 0.195 0.068 0.315 0.160 0.398 0.254 0.268 0.443 0.178 0.229 0.221 0.337 0.357 0.232 0.379 0.156 0.048 0.113 0.458 0.224 0.308 0.153 0.242 0.381 0.334 0.225 0.256 0.254 0.331 0.149 0.119 0.296 0.462 0.228 0.121 0.326 0.000 0.070 0.272 0.112 0.270 0.281 0.109 0.000 0.209 0.110 0.087 0.500 0.325 0.332 0.215 0.255 0.278 0.296 0.243 0.311 0.450 0.303 0.236 0.345 0.419 0.618 0.319 0.277 0.340 0.000 0.170 0.000 0.323 0.491 0.301 0.239 0.184 0.179 0.000  
0.404 0.141 0.000 0.454 0.343 0.246 0.301 0.311 0.080 0.187 0.163 0.076 0.171 0.515 0.284 0.000 0.431 0.331 0.382 0.158 0.000 0.286 0.300 0.000 0.420 0.213 0.154 0.370 0.468 0.286 0.311 0.171 0.223 0.330 0.135 0.000 0.205 0.221 0.217 0.241 0.236 0.237 0.304 0.302 0.000 0.190 0.108 0.000 0.220 0.262 0.270 0.000 0.263 0.000 0.267 0.263 0.175 0.270 0.478 0.209 0.152 0.277 0.237 0.000 0.307 0.343 0.000 0.328 0.720 0.434 0.000 0.000 0.000 0.179 0.000 0.349 0.331 0.111 0.329 0.184 0.400 0.249 0.000 0.000 0.326 0.456 0.122 0.358 0.000 0.000 0.360 0.237 0.348 0.249 0.173 0.180 0.200 0.000 0.309  
0.000 0.260 0.473 0.000 0.117 0.277 0.000 0.324 0.472 0.133 0.174 0.000 0.289 0.547 0.149 0.363 0.216 0.288 0.246 0.354 0.298 0.120 0.000 0.000 0.144 0.264 0.000 0.000 0.233 0.000 0.000 0.437 0.152 0.217 0.262 0.258 0.134 0.416 0.235 0.414 0.171 0.498 0.192 0.414 0.228 0.000 0.280 0.231 0.333 0.000 0.387 0.000 0.336 0.233 0.229 0.184 0.119 0.129 0.151 0.000 0.179 0.280 0.269 0.354 0.290 0.000 0.457 0.000 0.365 0.000 0.350 0.385 0.276 0.298 0.359 0.164 0.316 0.208 0.307 0.369 0.000 0.244 0.072 0.481 0.291 0.000 0.118 0.219 0.241 0.000 0.260 0.208 0.000 0.236 0.000 0.190 0.000 0.240 0.206  
0.283 0.123 0.151 0.303 0.000 0.000 0.251 0.194 0.235 0.000 0.408 0.207 0.000 0.214 0.346 0.349 0.375 0.000 0.269 0.297 0.000 0.288 0.254 0.257 0.000 0.283 0.358 0.178 0.000 0.132 0.247 0.391 0.305 0.263 0.181 0.000 0.293 0.256 0.300 0.000 0.269 0.000 0.119 0.228 0.113 0.081 0.370 0.226 0.000 0.356 0.247 0.104 0.297 0.132 0.367 0.147 0.194 0.364 0.445 0.000 0.252 0.000 0.156 0.342 0.000 0.284 0.227 0.230 0.000 0.225 0.057 0.141 0.087 0.520 0.429 0.000 0.000 0.321 0.000 0.168 0.258 0.417 0.344 0.000 0.634 0.000 0.280 0.440 0.411 0.166 0.288 0.253 0.397 0.171 0.228 0.399 0.000 0.197 0.000  
0.000 0.196 0.000 0.088 0.316 0.000 0.270 0.200 0.187 0.188 0.455 0.357 0.000 0.320 0.298 0.000 0.383 0.069 0.560 0.107 0.263 0.303 0.237 0.290 0.000 0.000 0.143 0.190 0.220 0.387 0.083 0.125 0.244 0.291 0.194 0.152 0.000 0.423 0.273 0.000 0.148 0.231 0.000 0.329 0.287 0.151 0.000 0.262 0.000 0.299 0.364 0.375 0.275 0.167 0.300 0.201 0.348 0.353 0.352 0.146 0.479 0.157 0.185 0.250 0.000 0.166 0.191 0.400 0.302 0.110 0.199 0.242 0.207 0.213 0.253 0.274 0.350 0.324 0.133 0.371 0.000 0.223 0.171 0.247 0.299 0.274 0.387 0.321 0.135 0.218 0.155 0.140 0.000 0.467 0.283 0.000 0.146 0.363 0.000  
0.000 0.000 0.249 0.356 0.000 0.190 0.000 0.000 0.421 0.275 0.409 0.293 0.338 0.434 0.404 0.350 0.000 0.255 0.266 0.399 0.291 0.283 0.134 0.423 0.000 0.405 0.000 0.358 0.203 0.000 0.224 0.000 0.273 0.250 0.156 0.307 0.307 0.000 0.503 0.000 0.431 0.145 0.207 0.135 0.000 0.113 0.155 0.314 0.343 0.356 0.099 0.235 0.206 0.000 0.000 0.256 0.231 0.166 0.270 0.101 0.000 0.249 0.234 0.266 0.082 0.192 0.242 0.000 0.243 0.000 0.480 0.418 0.109 0.000 0.236 0.185 0.352 0.000 0.000 0.245 0.284 0.000 0.255 0.000 0.362 0.000 0.000 0.156 0.177 0.133 0.345 0.244 0.254 0.297 0.200 0.151 0.224 0.145 0.301  
0.000 0.339 0.154 0.223 0.234 0.230 0.150 0.000 0.363 0.297 0.211 0.307 0.000 0.354 0.139 0.498 0.381 0.000 0.098 0.502 0.220 0.292 0.400 0.085 0.178 0.356 0.208 0.150 0.188 0.237 0.236 0.225 0.160 0.122 0.000 0.000 0.062 0.360 0.160 0.358 0.278 0.193 0.221 0.342 0.152 0.000 0.224 0.155 0.186 0.232 0.267 0.000 0.368 0.117 0.148 0.178 0.000 0.421 0.087 0.000 0.302 0.261 0.000 0.217 0.208 0.090 0.000 0.192 0.267 0.162 0.177 0.389 0.251 0.395 0.172 0.000 0.243 0.425 0.481 0.244 0.374 0.442 0.206 0.329 0.295 0.518 0.000 0.248 0.095 0.215 0.061 0.283 0.277 0.267 0.395 0.123 0.351 0.000 0.170  
0.000 0.000 0.186 0.305 0.000 0.245 0.106 0.269 0.000 0.277 0.000 0.230 0.359 0.208 0.168 0.189 0.122 0.382 0.315 0.282 0.359 0.504 0.347 0.254 0.223 0.205 0.105 0.301 0.425 0.000 0.317 0.100 0.194 0.360 0.000 0.374 0.157 0.488 0.298 0.163 0.294 0.247 0.272 0.000 0.217 0.146 0.000 0.153 0.159 0.063 0.141 0.102 0.232 0.000 0.222 0.161 0.131 0.307 0.271 0.183 0.468 0.317 0.000 0.270 0.215 0.254 0.276 0.000 0.413 0.255 0.277 0.000 0.000 0.000 0.291 0.155 0.291 0.281 0.000 0.000 0.314 0.000 0.347 0.403 0.366 0.193 0.399 0.000 0.347 0.171 0.436 0.333 0.143 0.209 0.000 0.000 0.247 0.000 0.169  
0.066 0.262 0.000 0.160 0.543 0.330 0.317 0.084 0.102 0.331 0.470 0.281 0.000 0.307 0.201 0.293 0.000 0.313 0.000 0.426 0.205 0.209 0.548 0.000 0.000 0.123 0.000 0.213 0.000 0.208 0.236 0.298 0.118 0.290 0.175 0.234 0.216 0.108 0.000 0.158 0.177 0.203 0.138 0.384 0.316 0.332 0.278 0.000 0.187 0.106 0.144 0.166 0.188 0.000 0.279 0.000 0.111 0.277 0.108 0.395 0.000 0.179 0.140 0.375 0.146 0.185 0.215 0.331 0.207 0.275 0.000 0.081 0.242 0.330 0.118 0.278 0.000 0.414 0.238 0.259 0.444 0.179 0.000 0.303 0.252 0.176 0.298 0.204 0.298 0.249 0.368 0.000 0.000 0.236 0.220 0.000 0.416 0.000 0.000  
0.000 0.377 0.000 0.124 0.287 0.000 0.000 0.000 0.151 0.248 0.312 0.161 0.246 0.292 0.223 0.000 0.379 0.000 0.526 0.142 0.123 0.450 0.378 0.241 0.275 0.000 0.394 0.163 0.281 0.367 0.214 0.344 0.271 0.178 0.139 0.242 0.000 0.311 0.227 0.209 0.219 0.225 0.206 0.000 0.084 0.000 0.139 0.141 0.000 0.047 0.303 0.054 0.139 0.284 0.000 0.185 0.404 0.215 0.000 0.318 0.084 0.000 0.138 0.283 0.306 0.000 0.183 0.000 0.213 0.120 0.210 0.187 0.352 0.000 0.342 0.196 0.179 0.575 0.348 0.417 0.461 0.189 0.393 0.447 0.274 0.261 0.338 0.149 0.085 0.205 0.341 0.366 0.248 0.254 0.273 0.000 0.000 0.248 0.248  
0.307 0.262 0.347 0.372 0.210 0.188 0.416 0.278 0.471 0.000 0.148 0.255 0.000 0.108 0.232 0.209 0.119 0.278 0.000 0.203 0.314 0.142 0.306 0.000 0.236 0.261 0.066 0.150 0.000 0.000 0.000 0.138 0.400 0.233 0.000 0.358 0.176 0.000 0.000 0.249 0.161 0.207 0.088 0.112 0.241 0.104 0.245 0.146 0.085 0.148 0.119 0.073 0.021 0.102 0.322 0.000 0.125 0.000 0.143 0.277 0.194 0.333 0.369 0.331 0.145 0.243 0.220 0.223 0.147 0.144 0.000 0.000 0.259 0.145 0.436 0.297 0.245 0.158 0.418 0.000 0.373 0.000 0.317 0.000 0.337 0.318 0.280 0.000 0.340 0.230 0.305 0.000 0.361 0.214 0.157 0.196 0.176 0.274 0.179  
0.000 0.123 0.170 0.000 0.263 0.000 0.117 0.287 0.385 0.000 0.282 0.255 0.000 0.135 0.202 0.425 0.129 0.261 0.435 0.296 0.395 0.191 0.149 0.158 0.358 0.073 0.000 0.354 0.333 0.278 0.359 0.000 0.362 0.000 0.192 0.065 0.203 0.407 0.203 0.129 0.405 0.271 0.000 0.153 0.208 0.068 0.065 0.000 0.000 0.000 0.000 0.021 0.074 0.348 0.322 0.200 0.204 0.335 0.000 0.000 0.149 0.000 0.103 0.105 0.000 0.170 0.333 0.000 0.000 0.307 0.260 0.334 0.229 0.150 0.242 0.053 0.252 0.000 0.340 0.000 0.370 0.225 0.283 0.000 0.341 0.268 0.000 0.000 0.193 0.266 0.063 0.092 0.196 0.000 0.000 0.199 0.149 0.137 0.261  
0.201 0.182 0.120 0.000 0.000 0.372 0.443 0.000 0.225 0.664 0.293 0.410 0.373 0.223 0.303 0.000 0.000 0.311 0.193 0.164 0.475 0.230 0.133 0.292 0.200 0.000 0.113 0.130 0.264 0.000 0.263 0.107 0.200 0.181 0.234 0.219 0.178 0.417 0.298 0.087 0.146 0.000 0.255 0.000 0.113 0.133 0.000 0.000 0.000 0.000 0.000 0.066 0.097 0.074 0.289 0.000 0.000 0.415 0.000 0.226 0.280 0.227 0.326 0.000 0.000 0.000 0.000 0.254 0.311 0.000 0.000 0.136 0.000 0.000 0.281 0.000 0.000 0.300 0.378 0.142 0.233 0.189 0.332 0.245 0.282 0.240 0.138 0.276 0.245 0.000 0.000 0.207 0.287 0.000 0.237 0.000 0.409 0.256 0.000  
0.214 0.000 0.353 0.343 0.000 0.000 0.418 0.522 0.334 0.000 0.121 0.222 0.493 0.418 0.330 0.434 0.276 0.369 0.399 0.154 0.000 0.293 0.191 0.210 0.171 0.186 0.298 0.000 0.188 0.222 0.231 0.000 0.436 0.092 0.265 0.000 0.080 0.262 0.000 0.168 0.208 0.121 0.170 0.075 0.063 0.077 0.000 0.000 0.000 0.000 0.000 0.000 0.094 0.000 0.060 0.366 0.107 0.174 0.000 0.335 0.346 0.000 0.494 0.000 0.308 0.260 0.206 0.311 0.428 0.000 0.233 0.404 0.176 0.240 0.304 0.232 0.283 0.217 0.334 0.214 0.288 0.000 0.000 0.180 0.308 0.252 0.294 0.167 0.257 0.000 0.295 0.240 0.000 0.000 0.115 0.319 0.000 0.160 0.243  
0.153 0.263 0.333 0.067 0.361 0.425 0.000 0.280 0.220 0.233 0.301 0.000 0.209 0.000 0.200 0.000 0.250 0.148 0.119 0.355 0.133 0.122 0.189 0.029 0.369 0.000 0.333 0.299 0.000 0.299 0.106 0.000 0.239 0.163 0.209 0.150 0.000 0.241 0.164 0.163 0.000 0.110 0.000 0.000 0.091 0.000 0.000 0.000 0.000 0.000 0.000 0.000 0.000 0.000 0.084 0.238 0.125 0.351 0.140 0.000 0.000 0.275 0.141 0.270 0.167 0.089 0.143 0.201 0.242 0.000 0.430 0.338 0.000 0.273 0.000 0.353 0.273 0.455 0.279 0.235 0.262 0.274 0.179 0.233 0.090 0.366 0.330 0.219 0.317 0.305 0.000 0.235 0.235 0.000 0.419 0.000 0.000 0.439 0.000  
0.345 0.257 0.000 0.277 0.000 0.349 0.284 0.488 0.174 0.146 0.000 0.414 0.233 0.252 0.397 0.458 0.207 0.114 0.114 0.000 0.174 0.126 0.289 0.173 0.215 0.318 0.061 0.332 0.459 0.159 0.162 0.165 0.249 0.437 0.390 0.291 0.000 0.193 0.166 0.111 0.085 0.155 0.083 0.000 0.032 0.000 0.000 0.000 0.000 0.000 0.000 0.000 0.000 0.275 0.299 0.076 0.000 0.000 0.119 0.000 0.218 0.359 0.260 0.272 0.266 0.318 0.182 0.497 0.205 0.355 0.368 0.211 0.211 0.417 0.317 0.201 0.373 0.691 0.000 0.104 0.110 0.307 0.000 0.368 0.188 0.170 0.223 0.323 0.256 0.231 0.252 0.459 0.280 0.000 0.094 0.000 0.000 0.133 0.000  
0.000 0.126 0.394 0.327 0.211 0.000 0.449 0.282 0.084 0.227 0.175 0.415 0.134 0.000 0.365 0.341 0.000 0.000 0.153 0.385 0.304 0.206 0.083 0.304 0.138 0.286 0.244 0.357 0.121 0.000 0.221 0.103 0.178 0.207 0.000 0.168 0.129 0.260 0.220 0.187 0.045 0.000 0.242 0.059 0.000 0.000 0.000 0.000 0.000 0.000 0.000 0.000 0.000 0.000 0.000 0.128 0.223 0.382 0.409 0.325 0.297 0.333 0.209 0.000 0.344 0.000 0.425 0.231 0.454 0.457 0.109 0.163 0.402 0.173 0.241 0.252 0.124 0.237 0.529 0.000 0.268 0.280 0.267 0.357 0.227 0.000 0.000 0.371 0.175 0.174 0.000 0.317 0.000 0.000 0.363 0.000 0.240 0.380 0.216  
0.349 0.000 0.306 0.146 0.252 0.000 0.268 0.142 0.317 0.281 0.000 0.217 0.075 0.191 0.167 0.292 0.196 0.346 0.257 0.384 0.000 0.084 0.359 0.281 0.178 0.349 0.194 0.302 0.299 0.000 0.348 0.159 0.295 0.303 0.207 0.188 0.221 0.351 0.200 0.000 0.151 0.032 0.000 0.000 0.000 0.000 0.000 0.000 0.000 0.000 0.000 0.000 0.000 0.000 0.000 0.191 0.152 0.000 0.000 0.000 0.000 0.000 0.000 0.235 0.163 0.412 0.285 0.210 0.000 0.428 0.284 0.274 0.265 0.203 0.316 0.303 0.541 0.225 0.313 0.134 0.363 0.163 0.342 0.489 0.211 0.473 0.257 0.332 0.000 0.368 0.233 0.000 0.243 0.208 0.212 0.062 0.243 0.000 0.000  
0.131 0.211 0.313 0.311 0.384 0.350 0.337 0.364 0.165 0.231 0.330 0.205 0.346 0.311 0.195 0.067 0.000 0.329 0.000 0.000 0.207 0.127 0.324 0.262 0.000 0.000 0.242 0.096 0.000 0.214 0.133 0.199 0.231 0.251 0.078 0.257 0.221 0.128 0.000 0.084 0.080 0.000 0.047 0.000 0.000 0.000 0.000 0.000 0.000 0.000 0.000 0.000 0.207 0.172 0.076 0.173 0.000 0.239 0.291 0.134 0.227 0.000 0.220 0.347 0.261 0.000 0.212 0.263 0.161 0.134 0.117 0.000 0.295 0.165 0.177 0.185 0.000 0.133 0.605 0.229 0.000 0.176 0.168 0.205 0.102 0.245 0.209 0.000 0.000 0.431 0.140 0.231 0.000 0.393 0.000 0.197 0.214 0.098 0.234  
0.269 0.000 0.000 0.243 0.234 0.167 0.440 0.396 0.000 0.000 0.166 0.351 0.337 0.000 0.220 0.442 0.307 0.163 0.260 0.355 0.248 0.159 0.140 0.153 0.000 0.269 0.000 0.286 0.079 0.123 0.314 0.352 0.000 0.181 0.000 0.288 0.158 0.057 0.069 0.085 0.108 0.000 0.000 0.000 0.000 0.000 0.000 0.000 0.000 0.000 0.000 0.000 0.033 0.085 0.102 0.167 0.187 0.000 0.000 0.381 0.000 0.168 0.000 0.284 0.000 0.210 0.422 0.142 0.000 0.273 0.317 0.000 0.000 0.118 0.243 0.510 0.541 0.280 0.255 0.000 0.322 0.279 0.215 0.278 0.195 0.000 0.367 0.230 0.218 0.000 0.000 0.145 0.223 0.000 0.432 0.351 0.000 0.077 0.304  
0.327 0.312 0.111 0.000 0.300 0.165 0.264 0.185 0.000 0.000 0.347 0.204 0.000 0.363 0.469 0.202 0.215 0.202 0.382 0.245 0.232 0.385 0.000 0.217 0.237 0.000 0.177 0.000 0.098 0.360 0.000 0.000 0.000 0.159 0.081 0.259 0.105 0.090 0.048 0.047 0.116 0.000 0.000 0.000 0.000 0.000 0.000 0.000 0.000 0.000 0.000 0.000 0.000 0.000 0.095 0.114 0.243 0.246 0.123 0.278 0.363 0.270 0.328 0.432 0.000 0.228 0.204 0.081 0.078 0.266 0.219 0.275 0.288 0.224 0.322 0.218 0.113 0.255 0.169 0.307 0.000 0.301 0.194 0.213 0.198 0.202 0.305 0.342 0.000 0.362 0.265 0.316 0.268 0.000 0.198 0.000 0.261 0.000 0.499  
0.409 0.254 0.000 0.298 0.175 0.334 0.192 0.278 0.268 0.153 0.269 0.000 0.239 0.385 0.204 0.168 0.247 0.000 0.324 0.183 0.260 0.281 0.305 0.247 0.000 0.000 0.269 0.411 0.350 0.147 0.322 0.000 0.134 0.291 0.102 0.000 0.230 0.000 0.000 0.103 0.060 0.000 0.000 0.000 0.000 0.000 0.000 0.000 0.000 0.000 0.000 0.000 0.057 0.093 0.066 0.142 0.000 0.230 0.195 0.145 0.293 0.096 0.000 0.138 0.000 0.287 0.241 0.248 0.217 0.000 0.141 0.215 0.273 0.000 0.358 0.344 0.209 0.129 0.127 0.000 0.000 0.195 0.000 0.182 0.161 0.238 0.322 0.561 0.000 0.246 0.000 0.349 0.000 0.199 0.000 0.352 0.000 0.163 0.000  
0.167 0.000 0.220 0.000 0.234 0.000 0.433 0.281 0.212 0.000 0.513 0.207 0.111 0.253 0.000 0.387 0.317 0.000 0.234 0.199 0.000 0.166 0.175 0.353 0.410 0.796 0.000 0.366 0.000 0.213 0.319 0.070 0.268 0.312 0.379 0.093 0.000 0.145 0.000 0.208 0.072 0.069 0.000 0.000 0.000 0.000 0.000 0.000 0.000 0.000 0.000 0.058 0.000 0.050 0.134 0.256 0.096 0.098 0.000 0.103 0.180 0.000 0.370 0.000 0.318 0.319 0.212 0.000 0.129 0.345 0.234 0.266 0.199 0.198 0.000 0.161 0.449 0.240 0.000 0.174 0.216 0.243 0.286 0.196 0.508 0.263 0.206 0.279 0.000 0.233 0.302 0.337 0.344 0.246 0.107 0.245 0.205 0.000 0.000  
0.000 0.000 0.319 0.254 0.257 0.279 0.182 0.000 0.219 0.167 0.412 0.430 0.350 0.000 0.538 0.283 0.160 0.418 0.242 0.481 0.209 0.179 0.000 0.000 0.322 0.310 0.000 0.000 0.283 0.184 0.259 0.336 0.000 0.272 0.116 0.196 0.289 0.078 0.221 0.000 0.101 0.153 0.040 0.000 0.000 0.000 0.000 0.000 0.000 0.000 0.000 0.000 0.052 0.116 0.000 0.000 0.000 0.216 0.181 0.339 0.221 0.000 0.000 0.259 0.315 0.295 0.130 0.000 0.288 0.202 0.216 0.202 0.061 0.319 0.433 0.299 0.000 0.144 0.449 0.315 0.169 0.292 0.287 0.189 0.316 0.247 0.243 0.321 0.472 0.222 0.083 0.133 0.250 0.266 0.000 0.286 0.326 0.421 0.000  
0.106 0.208 0.285 0.000 0.000 0.380 0.000 0.000 0.452 0.000 0.161 0.037 0.231 0.000 0.155 0.152 0.139 0.158 0.290 0.310 0.000 0.199 0.291 0.185 0.151 0.169 0.315 0.301 0.392 0.472 0.000 0.163 0.264 0.164 0.164 0.036 0.218 0.119 0.098 0.315 0.120 0.119 0.089 0.053 0.000 0.000 0.000 0.000 0.000 0.000 0.000 0.000 0.000 0.076 0.151 0.155 0.134 0.290 0.226 0.203 0.306 0.108 0.000 0.310 0.114 0.228 0.274 0.000 0.344 0.000 0.326 0.243 0.332 0.000 0.270 0.310 0.253 0.273 0.143 0.132 0.225 0.516 0.120 0.270 0.000 0.000 0.306 0.000 0.122 0.325 0.151 0.259 0.352 0.244 0.071 0.263 0.110 0.000 0.249  
0.205 0.000 0.000 0.000 0.319 0.130 0.213 0.505 0.341 0.283 0.000 0.000 0.000 0.439 0.213 0.000 0.127 0.454 0.000 0.329 0.158 0.131 0.337 0.114 0.352 0.352 0.000 0.257 0.509 0.491 0.280 0.240 0.146 0.271 0.192 0.254 0.229 0.083 0.000 0.000 0.169 0.101 0.129 0.000 0.000 0.000 0.000 0.000 0.000 0.000 0.000 0.049 0.207 0.211 0.000 0.319 0.233 0.154 0.293 0.216 0.187 0.000 0.198 0.241 0.000 0.193 0.153 0.358 0.000 0.266 0.000 0.120 0.241 0.187 0.482 0.120 0.472 0.347 0.212 0.189 0.226 0.266 0.212 0.203 0.335 0.196 0.378 0.000 0.350 0.334 0.228 0.292 0.000 0.263 0.118 0.243 0.325 0.336 0.180  
0.158 0.371 0.000 0.138 0.339 0.000 0.209 0.275 0.000 0.252 0.300 0.558 0.165 0.290 0.000 0.411 0.000 0.372 0.180 0.262 0.331 0.243 0.301 0.229 0.127 0.000 0.486 0.392 0.096 0.283 0.076 0.078 0.000 0.000 0.299 0.078 0.000 0.197 0.323 0.028 0.380 0.181 0.109 0.158 0.157 0.000 0.000 0.000 0.000 0.000 0.000 0.000 0.075 0.153 0.180 0.000 0.231 0.000 0.227 0.325 0.324 0.384 0.331 0.186 0.090 0.170 0.243 0.262 0.224 0.185 0.302 0.440 0.329 0.190 0.264 0.240 0.449 0.228 0.149 0.389 0.043 0.000 0.281 0.257 0.260 0.222 0.167 0.000 0.221 0.144 0.266 0.355 0.401 0.236 0.000 0.259 0.000 0.226 0.225  
0.080 0.000 0.304 0.000 0.212 0.120 0.392 0.134 0.371 0.490 0.263 0.000 0.251 0.450 0.083 0.310 0.098 0.415 0.249 0.183 0.000 0.165 0.375 0.100 0.177 0.320 0.000 0.152 0.138 0.354 0.305 0.480 0.056 0.138 0.236 0.000 0.330 0.000 0.180 0.243 0.000 0.257 0.129 0.088 0.132 0.090 0.000 0.000 0.000 0.000 0.000 0.000 0.190 0.000 0.042 0.049 0.147 0.081 0.276 0.000 0.207 0.081 0.139 0.220 0.252 0.235 0.322 0.203 0.141 0.335 0.618 0.000 0.154 0.084 0.389 0.291 0.000 0.577 0.000 0.276 0.187 0.213 0.371 0.469 0.102 0.246 0.322 0.287 0.368 0.296 0.000 0.000 0.000 0.174 0.372 0.000 0.330 0.141 0.241  
0.337 0.317 0.208 0.179 0.414 0.261 0.000 0.393 0.364 0.000 0.225 0.482 0.177 0.294 0.000 0.352 0.249 0.244 0.281 0.345 0.356 0.099 0.341 0.140 0.192 0.126 0.341 0.317 0.220 0.156 0.472 0.000 0.369 0.184 0.237 0.236 0.215 0.199 0.260 0.138 0.000 0.229 0.260 0.000 0.096 0.000 0.064 0.000 0.000 0.000 0.000 0.000 0.191 0.111 0.118 0.385 0.256 0.082 0.385 0.000 0.194 0.360 0.000 0.203 0.233 0.180 0.151 0.147 0.236 0.000 0.356 0.249 0.000 0.345 0.124 0.000 0.407 0.177 0.386 0.331 0.282 0.393 0.000 0.238 0.206 0.154 0.000 0.363 0.000 0.516 0.000 0.000 0.000 0.000 0.186 0.213 0.339 0.360 0.339  
0.186 0.244 0.321 0.000 0.261 0.444 0.304 0.412 0.227 0.339 0.400 0.000 0.231 0.124 0.219 0.197 0.078 0.324 0.124 0.416 0.253 0.000 0.129 0.110 0.248 0.348 0.000 0.000 0.210 0.383 0.142 0.182 0.217 0.000 0.104 0.227 0.298 0.247 0.364 0.152 0.376 0.326 0.000 0.104 0.156 0.083 0.000 0.000 0.000 0.000 0.000 0.000 0.120 0.084 0.000 0.446 0.000 0.243 0.000 0.125 0.165 0.000 0.496 0.000 0.285 0.194 0.456 0.328 0.255 0.000 0.193 0.273 0.000 0.415 0.133 0.000 0.000 0.410 0.000 0.173 0.274 0.213 0.468 0.258 0.234 0.288 0.000 0.000 0.000 0.483 0.334 0.330 0.000 0.000 0.000 0.000 0.121 0.326 0.000  
0.448 0.245 0.413 0.520 0.000 0.000 0.000 0.339 0.267 0.173 0.203 0.463 0.397 0.154 0.303 0.147 0.158 0.320 0.245 0.000 0.142 0.216 0.253 0.291 0.196 0.369 0.180 0.355 0.224 0.154 0.346 0.294 0.153 0.143 0.166 0.170 0.105 0.296 0.000 0.248 0.425 0.000 0.294 0.136 0.178 0.285 0.000 0.000 0.120 0.224 0.000 0.000 0.117 0.144 0.112 0.101 0.269 0.130 0.232 0.092 0.000 0.281 0.351 0.360 0.000 0.251 0.153 0.307 0.318 0.302 0.270 0.331 0.000 0.281 0.000 0.374 0.377 0.427 0.535 0.239 0.416 0.161 0.321 0.000 0.086 0.462 0.076 0.241 0.284 0.264 0.000 0.000 0.453 0.259 0.227 0.283 0.000 0.000 0.000  
0.294 0.122 0.389 0.000 0.397 0.271 0.326 0.301 0.199 0.000 0.242 0.224 0.182 0.212 0.549 0.297 0.235 0.247 0.000 0.158 0.415 0.089 0.153 0.289 0.254 0.175 0.000 0.215 0.179 0.139 0.000 0.182 0.093 0.458 0.202 0.212 0.258 0.329 0.144 0.364 0.160 0.000 0.231 0.196 0.158 0.184 0.158 0.235 0.102 0.171 0.000 0.148 0.048 0.256 0.178 0.162 0.238 0.311 0.114 0.267 0.000 0.283 0.362 0.182 0.189 0.226 0.000 0.218 0.189 0.193 0.383 0.319 0.000 0.256 0.102 0.391 0.323 0.407 0.188 0.184 0.256 0.000 0.168 0.309 0.373 0.167 0.276 0.304 0.000 0.152 0.343 0.232 0.324 0.429 0.000 0.301 0.000 0.201 0.202  
0.293 0.236 0.167 0.225 0.300 0.416 0.000 0.210 0.317 0.298 0.146 0.257 0.155 0.200 0.238 0.000 0.241 0.237 0.392 0.331 0.395 0.000 0.215 0.000 0.241 0.354 0.337 0.000 0.168 0.217 0.261 0.108 0.423 0.181 0.231 0.420 0.493 0.379 0.000 0.270 0.230 0.000 0.107 0.176 0.283 0.113 0.288 0.000 0.000 0.124 0.114 0.118 0.000 0.208 0.267 0.324 0.355 0.119 0.255 0.000 0.207 0.197 0.000 0.427 0.167 0.334 0.338 0.175 0.299 0.226 0.104 0.350 0.291 0.315 0.000 0.188 0.000 0.000 0.000 0.308 0.325 0.207 0.161 0.116 0.202 0.000 0.067 0.623 0.214 0.299 0.315 0.262 0.267 0.317 0.092 0.000 0.000 0.195 0.203  
0.480 0.128 0.000 0.217 0.195 0.367 0.254 0.227 0.000 0.000 0.139 0.213 0.210 0.179 0.555 0.500 0.000 0.119 0.300 0.205 0.228 0.185 0.000 0.224 0.211 0.150 0.351 0.237 0.129 0.441 0.179 0.245 0.082 0.199 0.188 0.000 0.270 0.000 0.243 0.213 0.000 0.327 0.277 0.000 0.191 0.323 0.129 0.190 0.000 0.120 0.000 0.241 0.204 0.149 0.133 0.000 0.269 0.000 0.256 0.206 0.310 0.268 0.323 0.338 0.158 0.274 0.299 0.140 0.114 0.221 0.375 0.165 0.185 0.305 0.206 0.000 0.320 0.088 0.000 0.190 0.000 0.000 0.235 0.168 0.197 0.268 0.000 0.349 0.419 0.338 0.228 0.000 0.225 0.277 0.170 0.285 0.240 0.000 0.000  
0.000 0.148 0.370 0.444 0.513 0.062 0.266 0.237 0.340 0.000 0.348 0.251 0.312 0.130 0.354 0.000 0.370 0.188 0.133 0.292 0.534 0.239 0.161 0.315 0.415 0.239 0.241 0.254 0.293 0.061 0.222 0.189 0.252 0.060 0.000 0.299 0.127 0.175 0.000 0.284 0.284 0.297 0.368 0.237 0.148 0.095 0.338 0.000 0.127 0.140 0.111 0.086 0.115 0.000 0.000 0.146 0.203 0.315 0.283 0.453 0.218 0.248 0.224 0.000 0.356 0.059 0.331 0.156 0.271 0.116 0.000 0.000 0.318 0.232 0.269 0.000 0.000 0.398 0.228 0.316 0.474 0.391 0.185 0.377 0.304 0.181 0.588 0.246 0.264 0.131 0.210 0.260 0.000 0.263 0.221 0.300 0.000 0.139 0.000  
0.181 0.225 0.262 0.000 0.323 0.284 0.216 0.339 0.306 0.320 0.118 0.336 0.486 0.000 0.246 0.000 0.265 0.250 0.166 0.127 0.213 0.072 0.000 0.176 0.137 0.225 0.324 0.145 0.236 0.000 0.230 0.000 0.274 0.000 0.216 0.159 0.215 0.098 0.314 0.128 0.177 0.127 0.048 0.179 0.078 0.000 0.150 0.171 0.154 0.160 0.180 0.355 0.158 0.257 0.324 0.207 0.344 0.301 0.156 0.191 0.207 0.315 0.000 0.337 0.243 0.429 0.320 0.084 0.341 0.384 0.243 0.433 0.345 0.227 0.247 0.376 0.217 0.000 0.160 0.000 0.218 0.413 0.317 0.216 0.226 0.104 0.102 0.199 0.132 0.164 0.324 0.322 0.122 0.000 0.000 0.134 0.315 0.046 0.000  
0.290 0.167 0.284 0.000 0.464 0.338 0.214 0.147 0.197 0.242 0.211 0.402 0.309 0.334 0.359 0.382 0.107 0.000 0.000 0.496 0.306 0.241 0.212 0.146 0.423 0.228 0.387 0.432 0.261 0.077 0.235 0.256 0.129 0.287 0.195 0.206 0.195 0.243 0.127 0.124 0.167 0.204 0.339 0.000 0.206 0.206 0.205 0.244 0.000 0.246 0.056 0.196 0.135 0.000 0.425 0.216 0.167 0.302 0.000 0.174 0.350 0.255 0.298 0.337 0.000 0.298 0.312 0.261 0.071 0.330 0.000 0.395 0.156 0.000 0.214 0.176 0.502 0.193 0.364 0.251 0.000 0.134 0.249 0.214 0.204 0.475 0.000 0.246 0.281 0.470 0.297 0.000 0.502 0.000 0.348 0.000 0.410 0.148 0.442  
0.000 0.000 0.355 0.464 0.254 0.164 0.000 0.368 0.000 0.170 0.379 0.250 0.339 0.231 0.310 0.307 0.270 0.468 0.314 0.124 0.189 0.000 0.206 0.090 0.431 0.408 0.374 0.621 0.292 0.365 0.043 0.280 0.093 0.000 0.225 0.246 0.117 0.168 0.196 0.367 0.000 0.094 0.213 0.211 0.155 0.152 0.253 0.187 0.000 0.314 0.151 0.415 0.225 0.321 0.000 0.000 0.373 0.000 0.291 0.181 0.000 0.252 0.227 0.000 0.275 0.000 0.338 0.315 0.000 0.000 0.272 0.602 0.161 0.000 0.274 0.000 0.106 0.201 0.277 0.435 0.179 0.000 0.273 0.211 0.404 0.000 0.183 0.131 0.458 0.099 0.331 0.105 0.308 0.000 0.319 0.000 0.178 0.000 0.000  
0.321 0.115 0.155 0.316 0.297 0.000 0.264 0.476 0.277 0.000 0.259 0.275 0.290 0.301 0.302 0.115 0.478 0.096 0.000 0.352 0.347 0.379 0.362 0.131 0.000 0.459 0.000 0.000 0.472 0.264 0.000 0.191 0.060 0.107 0.255 0.085 0.268 0.029 0.233 0.000 0.088 0.183 0.234 0.286 0.385 0.124 0.000 0.219 0.175 0.161 0.158 0.068 0.091 0.220 0.468 0.090 0.275 0.000 0.375 0.424 0.213 0.298 0.269 0.193 0.000 0.261 0.000 0.000 0.381 0.231 0.348 0.121 0.207 0.308 0.048 0.118 0.299 0.387 0.000 0.196 0.243 0.378 0.246 0.125 0.090 0.229 0.162 0.000 0.247 0.224 0.000 0.359 0.169 0.218 0.309 0.000 0.104 0.000 0.000  
0.294 0.131 0.146 0.131 0.353 0.283 0.298 0.158 0.178 0.338 0.000 0.366 0.159 0.468 0.473 0.263 0.408 0.496 0.000 0.261 0.271 0.000 0.195 0.086 0.200 0.358 0.214 0.000 0.322 0.274 0.000 0.216 0.243 0.112 0.209 0.274 0.096 0.000 0.144 0.324 0.087 0.247 0.213 0.228 0.128 0.224 0.350 0.180 0.319 0.284 0.196 0.100 0.186 0.101 0.000 0.335 0.203 0.000 0.255 0.319 0.249 0.290 0.256 0.000 0.095 0.130 0.484 0.202 0.254 0.328 0.280 0.295 0.311 0.124 0.184 0.261 0.100 0.279 0.282 0.000 0.153 0.000 0.280 0.237 0.162 0.359 0.209 0.199 0.184 0.158 0.427 0.441 0.000 0.129 0.474 0.000 0.259 0.310 0.000  
0.218 0.331 0.055 0.130 0.238 0.460 0.182 0.374 0.260 0.000 0.000 0.411 0.114 0.293 0.000 0.331 0.332 0.371 0.303 0.000 0.253 0.333 0.179 0.237 0.000 0.000 0.507 0.399 0.158 0.471 0.180 0.324 0.152 0.216 0.000 0.107 0.219 0.421 0.267 0.000 0.000 0.373 0.181 0.000 0.219 0.255 0.089 0.185 0.000 0.099 0.321 0.279 0.110 0.441 0.285 0.000 0.275 0.000 0.213 0.000 0.463 0.000 0.115 0.000 0.000 0.388 0.217 0.372 0.000 0.000 0.512 0.297 0.251 0.153 0.080 0.000 0.212 0.079 0.272 0.291 0.317 0.319 0.124 0.219 0.049 0.182 0.470 0.000 0.000 0.438 0.342 0.117 0.000 0.206 0.097 0.125 0.109 0.332 0.000  
0.000 0.155 0.351 0.215 0.000 0.371 0.000 0.205 0.306 0.131 0.492 0.193 0.259 0.000 0.730 0.000 0.532 0.425 0.289 0.300 0.353 0.285 0.000 0.440 0.280 0.146 0.284 0.000 0.339 0.334 0.323 0.248 0.263 0.167 0.063 0.178 0.383 0.153 0.183 0.367 0.242 0.000 0.115 0.168 0.428 0.421 0.000 0.169 0.000 0.286 0.239 0.198 0.218 0.235 0.457 0.405 0.320 0.262 0.179 0.315 0.446 0.231 0.240 0.195 0.315 0.000 0.292 0.282 0.000 0.336 0.236 0.000 0.437 0.000 0.330 0.210 0.363 0.140 0.000 0.000 0.350 0.148 0.171 0.179 0.000 0.187 0.000 0.358 0.383 0.317 0.000 0.583 0.523 0.216 0.316 0.000 0.221 0.329 0.000  
0.159 0.140 0.190 0.268 0.146 0.181 0.305 0.183 0.106 0.200 0.000 0.224 0.151 0.206 0.402 0.000 0.000 0.000 0.000 0.000 0.418 0.000 0.274 0.000 0.000 0.299 0.320 0.202 0.391 0.417 0.424 0.135 0.000 0.150 0.286 0.278 0.297 0.267 0.000 0.263 0.339 0.000 0.247 0.218 0.304 0.000 0.221 0.198 0.359 0.200 0.403 0.146 0.000 0.340 0.317 0.000 0.442 0.259 0.000 0.000 0.177 0.388 0.237 0.283 0.528 0.455 0.000 0.306 0.157 0.324 0.000 0.000 0.000 0.000 0.140 0.000 0.267 0.000 0.152 0.246 0.366 0.255 0.000 0.357 0.227 0.276 0.251 0.313 0.134 0.239 0.000 0.409 0.000 0.000 0.323 0.224 0.122 0.362 0.309  
0.256 0.179 0.435 0.190 0.323 0.085 0.292 0.272 0.000 0.419 0.388 0.262 0.685 0.494 0.118 0.249 0.302 0.324 0.401 0.422 0.420 0.338 0.149 0.251 0.307 0.189 0.352 0.000 0.280 0.456 0.000 0.364 0.414 0.259 0.125 0.177 0.287 0.481 0.081 0.175 0.324 0.218 0.330 0.000 0.000 0.260 0.000 0.000 0.260 0.000 0.084 0.421 0.230 0.138 0.254 0.296 0.000 0.210 0.422 0.189 0.000 0.000 0.255 0.099 0.167 0.298 0.269 0.224 0.151 0.261 0.073 0.000 0.087 0.292 0.202 0.274 0.106 0.200 0.280 0.143 0.000 0.343 0.335 0.278 0.139 0.172 0.000 0.239 0.208 0.302 0.145 0.316 0.370 0.000 0.000 0.000 0.306 0.126 0.000  
0.521 0.352 0.431 0.346 0.386 0.254 0.401 0.000 0.264 0.167 0.135 0.105 0.266 0.000 0.284 0.261 0.000 0.199 0.000 0.175 0.000 0.000 0.365 0.300 0.000 0.000 0.486 0.193 0.193 0.332 0.192 0.000 0.407 0.189 0.430 0.320 0.233 0.000 0.329 0.000 0.187 0.297 0.000 0.341 0.000 0.458 0.199 0.357 0.307 0.000 0.429 0.219 0.333 0.079 0.207 0.329 0.204 0.000 0.209 0.284 0.213 0.195 0.000 0.289 0.266 0.000 0.316 0.000 0.213 0.389 0.288 0.542 0.315 0.233 0.177 0.404 0.162 0.368 0.288 0.000 0.224 0.352 0.000 0.000 0.244 0.296 0.000 0.000 0.520 0.344 0.347 0.105 0.290 0.000 0.000 0.000 0.000 0.332 0.265  
0.294 0.000 0.331 0.200 0.219 0.000 0.122 0.444 0.220 0.201 0.259 0.165 0.297 0.405 0.275 0.244 0.256 0.206 0.132 0.494 0.384 0.296 0.137 0.000 0.228 0.221 0.341 0.000 0.000 0.537 0.279 0.409 0.148 0.252 0.168 0.123 0.213 0.408 0.000 0.256 0.160 0.240 0.232 0.346 0.000 0.227 0.197 0.390 0.172 0.288 0.283 0.129 0.228 0.000 0.253 0.340 0.453 0.635 0.095 0.256 0.115 0.287 0.380 0.091 0.000 0.156 0.360 0.000 0.182 0.259 0.330 0.000 0.318 0.249 0.339 0.430 0.133 0.285 0.131 0.540 0.408 0.193 0.308 0.000 0.378 0.190 0.271 0.000 0.464 0.250 0.244 0.000 0.444 0.118 0.000 0.000 0.000 0.000 0.250  
0.176 0.262 0.241 0.340 0.273 0.196 0.228 0.183 0.102 0.205 0.438 0.264 0.193 0.306 0.303 0.227 0.266 0.319 0.058 0.077 0.000 0.112 0.328 0.219 0.235 0.327 0.305 0.200 0.491 0.154 0.218 0.168 0.245 0.228 0.306 0.374 0.127 0.294 0.227 0.000 0.187 0.000 0.287 0.235 0.169 0.000 0.168 0.201 0.259 0.064 0.203 0.247 0.199 0.355 0.298 0.264 0.165 0.581 0.300 0.000 0.170 0.275 0.231 0.000 0.000 0.275 0.156 0.077 0.170 0.176 0.301 0.236 0.224 0.053 0.168 0.129 0.100 0.336 0.305 0.000 0.281 0.079 0.459 0.438 0.280 0.181 0.000 0.324 0.000 0.159 0.225 0.326 0.000 0.243 0.092 0.000 0.269 0.340 0.149  
0.184 0.126 0.000 0.351 0.000 0.519 0.183 0.433 0.133 0.291 0.151 0.308 0.369 0.000 0.444 0.068 0.467 0.183 0.000 0.318 0.284 0.502 0.277 0.000 0.000 0.056 0.121 0.302 0.287 0.213 0.377 0.423 0.318 0.000 0.113 0.151 0.236 0.248 0.000 0.349 0.118 0.135 0.493 0.327 0.142 0.716 0.000 0.206 0.220 0.568 0.000 0.166 0.128 0.321 0.000 0.209 0.057 0.285 0.518 0.135 0.198 0.195 0.117 0.327 0.486 0.000 0.220 0.368 0.301 0.307 0.000 0.434 0.353 0.000 0.452 0.235 0.000 0.362 0.477 0.432 0.404 0.375 0.330 0.343 0.199 0.000 0.248 0.325 0.394 0.000 0.309 0.200 0.321 0.000 0.214 0.000 0.000 0.276 0.233  
0.217 0.314 0.149 0.274 0.000 0.135 0.287 0.345 0.225 0.147 0.379 0.115 0.179 0.345 0.352 0.000 0.641 0.420 0.000 0.380 0.281 0.147 0.210 0.264 0.321 0.334 0.000 0.142 0.000 0.000 0.360 0.000 0.347 0.241 0.136 0.297 0.287 0.074 0.216 0.109 0.104 0.000 0.000 0.377 0.148 0.000 0.248 0.102 0.000 0.435 0.177 0.388 0.362 0.280 0.304 0.249 0.402 0.000 0.305 0.000 0.206 0.254 0.000 0.172 0.372 0.297 0.338 0.274 0.334 0.390 0.354 0.263 0.354 0.185 0.185 0.000 0.489 0.187 0.000 0.356 0.000 0.000 0.139 0.156 0.120 0.270 0.415 0.000 0.187 0.373 0.067 0.326 0.000 0.254 0.000 0.000 0.000 0.000 0.064  
0.239 0.000 0.000 0.102 0.440 0.431 0.215 0.327 0.000 0.346 0.138 0.000 0.117 0.000 0.330 0.000 0.255 0.422 0.248 0.000 0.360 0.000 0.000 0.000 0.139 0.128 0.341 0.375 0.437 0.197 0.297 0.494 0.197 0.220 0.226 0.098 0.313 0.361 0.362 0.286 0.298 0.331 0.189 0.225 0.290 0.000 0.668 0.134 0.491 0.236 0.161 0.222 0.198 0.372 0.347 0.495 0.081 0.000 0.231 0.216 0.162 0.288 0.123 0.000 0.339 0.000 0.412 0.172 0.000 0.175 0.140 0.205 0.169 0.396 0.000 0.553 0.000 0.140 0.436 0.081 0.244 0.326 0.000 0.153 0.094 0.000 0.250 0.170 0.199 0.000 0.387 0.332 0.258 0.953 0.308 0.219 0.193 0.358 0.521  
0.000 0.173 0.404 0.281 0.000 0.270 0.088 0.000 0.000 0.172 0.231 0.197 0.210 0.378 0.249 0.311 0.406 0.255 0.318 0.193 0.203 0.290 0.254 0.191 0.347 0.000 0.000 0.000 0.094 0.403 0.169 0.000 0.327 0.177 0.000 0.328 0.000 0.136 0.437 0.110 0.220 0.173 0.367 0.357 0.311 0.337 0.315 0.327 0.000 0.103 0.183 0.250 0.109 0.200 0.000 0.148 0.194 0.188 0.364 0.000 0.260 0.000 0.286 0.419 0.097 0.508 0.231 0.156 0.169 0.345 0.261 0.489 0.143 0.397 0.000 0.090 0.207 0.191 0.227 0.195 0.356 0.000 0.263 0.291 0.329 0.329 0.000 0.144 0.000 0.304 0.202 0.049 0.091 0.186 0.296 0.227 0.000 0.000 0.000  
0.230 0.322 0.060 0.222 0.445 0.295 0.189 0.272 0.449 0.289 0.403 0.415 0.156 0.473 0.168 0.296 0.336 0.000 0.221 0.400 0.085 0.179 0.240 0.000 0.236 0.349 0.398 0.249 0.153 0.228 0.226 0.253 0.401 0.096 0.160 0.348 0.240 0.281 0.218 0.374 0.227 0.349 0.134 0.259 0.179 0.570 0.223 0.159 0.157 0.126 0.511 0.000 0.151 0.081 0.362 0.499 0.337 0.000 0.202 0.371 0.000 0.311 0.244 0.414 0.000 0.281 0.325 0.000 0.000 0.203 0.606 0.000 0.000 0.447 0.127 0.251 0.085 0.431 0.308 0.000 0.170 0.427 0.000 0.139 0.000 0.363 0.165 0.368 0.258 0.157 0.292 0.124 0.368 0.000 0.000 0.000 0.000 0.096 0.323  
0.182 0.000 0.347 0.144 0.150 0.000 0.236 0.139 0.000 0.000 0.399 0.075 0.000 0.207 0.341 0.631 0.000 0.328 0.491 0.197 0.148 0.272 0.196 0.297 0.251 0.107 0.100 0.230 0.330 0.254 0.000 0.368 0.379 0.402 0.238 0.000 0.152 0.327 0.352 0.151 0.191 0.558 0.181 0.334 0.151 0.000 0.204 0.214 0.287 0.179 0.291 0.109 0.189 0.455 0.213 0.082 0.332 0.373 0.206 0.198 0.099 0.436 0.387 0.363 0.410 0.266 0.000 0.347 0.345 0.000 0.339 0.472 0.159 0.231 0.233 0.335 0.305 0.194 0.330 0.372 0.331 0.289 0.248 0.121 0.223 0.260 0.301 0.430 0.293 0.175 0.255 0.000 0.345 0.000 0.357 0.000 0.412 0.254 0.000  
0.328 0.173 0.000 0.161 0.406 0.128 0.199 0.447 0.309 0.243 0.286 0.615 0.219 0.183 0.253 0.404 0.285 0.242 0.365 0.166 0.144 0.000 0.072 0.214 0.134 0.390 0.214 0.365 0.000 0.185 0.345 0.000 0.245 0.272 0.487 0.322 0.249 0.255 0.000 0.169 0.273 0.202 0.324 0.192 0.598 0.416 0.193 0.316 0.235 0.109 0.217 0.231 0.000 0.094 0.271 0.186 0.000 0.287 0.285 0.215 0.350 0.335 0.449 0.094 0.194 0.000 0.350 0.317 0.000 0.143 0.173 0.202 0.296 0.192 0.155 0.182 0.424 0.229 0.000 0.378 0.251 0.341 0.239 0.179 0.000 0.222 0.083 0.165 0.256 0.310 0.339 0.000 0.000 0.264 0.000 0.153 0.000 0.196 0.066  
0.294 0.217 0.291 0.182 0.397 0.000 0.211 0.485 0.429 0.356 0.176 0.139 0.358 0.139 0.000 0.250 0.291 0.270 0.291 0.417 0.317 0.434 0.152 0.386 0.000 0.293 0.452 0.267 0.457 0.000 0.168 0.330 0.416 0.370 0.000 0.125 0.221 0.152 0.311 0.294 0.321 0.292 0.000 0.234 0.171 0.000 0.000 0.078 0.127 0.155 0.000 0.227 0.145 0.313 0.529 0.327 0.361 0.294 0.124 0.449 0.303 0.585 0.319 0.334 0.169 0.247 0.000 0.225 0.000 0.405 0.289 0.421 0.358 0.242 0.000 0.000 0.496 0.163 0.091 0.475 0.175 0.212 0.000 0.178 0.274 0.000 0.357 0.319 0.322 0.263 0.000 0.221 0.302 0.224 0.178 0.263 0.000 0.000 0.199  
0.000 0.164 0.193 0.288 0.000 0.139 0.469 0.363 0.000 0.402 0.302 0.169 0.115 0.161 0.185 0.257 0.368 0.304 0.231 0.279 0.307 0.368 0.317 0.310 0.270 0.000 0.302 0.190 0.177 0.245 0.324 0.000 0.175 0.159 0.000 0.211 0.000 0.450 0.136 0.169 0.230 0.225 0.227 0.161 0.000 0.157 0.273 0.255 0.320 0.297 0.000 0.292 0.268 0.169 0.088 0.000 0.511 0.000 0.462 0.277 0.000 0.177 0.323 0.561 0.553 0.281 0.116 0.363 0.399 0.273 0.150 0.224 0.167 0.240 0.321 0.269 0.000 0.295 0.306 0.391 0.178 0.612 0.345 0.246 0.150 0.231 0.383 0.348 0.000 0.086 0.362 0.224 0.000 0.161 0.173 0.000 0.000 0.176 0.326  
0.403 0.213 0.208 0.000 0.189 0.292 0.000 0.466 0.000 0.433 0.000 0.446 0.155 0.000 0.221 0.382 0.398 0.152 0.076 0.074 0.429 0.312 0.153 0.130 0.160 0.209 0.240 0.000 0.377 0.262 0.411 0.294 0.174 0.454 0.320 0.151 0.407 0.171 0.247 0.221 0.349 0.101 0.346 0.369 0.000 0.435 0.000 0.239 0.157 0.376 0.000 0.324 0.148 0.327 0.000 0.184 0.000 0.000 0.097 0.320 0.000 0.239 0.366 0.000 0.440 0.500 0.000 0.285 0.296 0.469 0.149 0.124 0.295 0.245 0.219 0.152 0.192 0.258 0.219 0.340 0.321 0.000 0.422 0.129 0.322 0.170 0.000 0.296 0.139 0.267 0.270 0.000 0.785 0.234 0.261 0.000 0.290 0.000 0.000  
0.000 0.266 0.226 0.421 0.180 0.244 0.146 0.242 0.124 0.453 0.000 0.192 0.000 0.486 0.294 0.373 0.343 0.365 0.546 0.237 0.334 0.000 0.192 0.188 0.157 0.299 0.168 0.117 0.151 0.339 0.221 0.204 0.000 0.500 0.000 0.251 0.000 0.139 0.316 0.000 0.233 0.093 0.000 0.302 0.265 0.220 0.109 0.373 0.298 0.142 0.245 0.153 0.153 0.114 0.158 0.282 0.118 0.000 0.356 0.249 0.310 0.330 0.000 0.148 0.000 0.252 0.529 0.383 0.000 0.000 0.306 0.294 0.000 0.251 0.152 0.382 0.331 0.136 0.303 0.000 0.179 0.207 0.534 0.000 0.000 0.000 0.472 0.153 0.000 0.183 0.000 0.445 0.000 0.192 0.104 0.153 0.351 0.142 0.080  
0.000 0.086 0.311 0.560 0.095 0.324 0.269 0.235 0.322 0.398 0.296 0.314 0.184 0.344 0.000 0.127 0.210 0.000 0.337 0.226 0.262 0.236 0.215 0.000 0.150 0.436 0.156 0.000 0.000 0.262 0.312 0.246 0.328 0.310 0.186 0.414 0.208 0.311 0.308 0.225 0.170 0.316 0.000 0.275 0.366 0.430 0.000 0.232 0.000 0.334 0.000 0.131 0.355 0.143 0.000 0.601 0.143 0.153 0.389 0.187 0.354 0.372 0.335 0.461 0.247 0.271 0.254 0.126 0.354 0.359 0.268 0.000 0.119 0.322 0.328 0.000 0.329 0.477 0.128 0.211 0.436 0.276 0.446 0.362 0.000 0.000 0.225 0.367 0.371 0.209 0.117 0.231 0.349 0.432 0.272 0.379 0.000 0.330 0.199  
0.000 0.411 0.000 0.259 0.218 0.151 0.336 0.000 0.177 0.203 0.204 0.191 0.607 0.582 0.243 0.454 0.390 0.000 0.000 0.208 0.333 0.098 0.351 0.332 0.000 0.362 0.000 0.187 0.323 0.452 0.303 0.000 0.347 0.369 0.000 0.000 0.000 0.230 0.186 0.102 0.217 0.000 0.000 0.000 0.217 0.253 0.314 0.124 0.204 0.168 0.125 0.348 0.365 0.496 0.150 0.214 0.175 0.313 0.265 0.198 0.318 0.000 0.150 0.440 0.000 0.349 0.428 0.184 0.000 0.000 0.000 0.223 0.277 0.174 0.225 0.121 0.233 0.081 0.127 0.000 0.435 0.239 0.000 0.377 0.207 0.347 0.443 0.000 0.771 0.327 0.000 0.000 0.242 0.335 0.136 0.280 0.272 0.243 0.000  
0.101 0.363 0.413 0.000 0.000 0.204 0.196 0.308 0.000 0.000 0.363 0.116 0.486 0.133 0.159 0.501 0.000 0.364 0.265 0.231 0.133 0.266 0.000 0.351 0.387 0.000 0.412 0.270 0.000 0.000 0.217 0.304 0.366 0.000 0.000 0.239 0.322 0.000 0.378 0.074 0.154 0.276 0.268 0.398 0.311 0.289 0.000 0.308 0.149 0.164 0.278 0.000 0.000 0.000 0.202 0.000 0.308 0.000 0.000 0.309 0.236 0.192 0.141 0.488 0.295 0.453 0.272 0.244 0.376 0.365 0.288 0.348 0.000 0.000 0.424 0.182 0.221 0.307 0.418 0.195 0.062 0.224 0.438 0.000 0.000 0.370 0.226 0.000 0.229 0.158 0.000 0.309 0.000 0.000 0.211 0.311 0.448 0.000 0.327  
0.216 0.000 0.301 0.290 0.209 0.000 0.162 0.131 0.434 0.466 0.210 0.171 0.212 0.094 0.000 0.264 0.122 0.215 0.153 0.259 0.478 0.207 0.223 0.369 0.000 0.281 0.230 0.199 0.455 0.204 0.174 0.378 0.170 0.000 0.417 0.000 0.246 0.000 0.345 0.224 0.185 0.000 0.202 0.282 0.315 0.150 0.335 0.320 0.270 0.403 0.170 0.370 0.266 0.256 0.218 0.284 0.131 0.177 0.166 0.178 0.268 0.209 0.555 0.245 0.146 0.359 0.330 0.276 0.448 0.000 0.165 0.260 0.178 0.000 0.000 0.300 0.242 0.152 0.000 0.232 0.423 0.234 0.158 0.351 0.300 0.252 0.079 0.222 0.161 0.201 0.000 0.000 0.339 0.000 0.153 0.000 0.162 0.428 0.221  
0.249 0.170 0.138 0.160 0.354 0.090 0.212 0.000 0.398 0.224 0.322 0.066 0.000 0.300 0.371 0.405 0.314 0.316 0.341 0.000 0.322 0.205 0.114 0.296 0.076 0.382 0.168 0.262 0.181 0.200 0.188 0.000 0.235 0.000 0.387 0.000 0.247 0.351 0.000 0.000 0.125 0.209 0.287 0.340 0.246 0.000 0.000 0.276 0.000 0.258 0.000 0.214 0.262 0.209 0.414 0.119 0.310 0.374 0.503 0.436 0.000 0.216 0.000 0.301 0.264 0.198 0.319 0.313 0.000 0.328 0.365 0.262 0.199 0.157 0.600 0.307 0.153 0.000 0.436 0.206 0.164 0.311 0.360 0.000 0.261 0.293 0.000 0.179 0.428 0.111 0.426 0.000 0.000 0.224 0.158 0.164 0.000 0.367 0.000  
0.179 0.343 0.303 0.323 0.172 0.138 0.240 0.570 0.425 0.000 0.273 0.259 0.336 0.000 0.406 0.000 0.603 0.422 0.233 0.000 0.409 0.183 0.000 0.306 0.115 0.279 0.224 0.101 0.269 0.000 0.000 0.284 0.163 0.283 0.000 0.308 0.203 0.097 0.287 0.078 0.190 0.000 0.277 0.257 0.310 0.000 0.000 0.000 0.450 0.246 0.302 0.401 0.445 0.160 0.319 0.291 0.335 0.131 0.175 0.000 0.188 0.188 0.141 0.375 0.120 0.326 0.213 0.176 0.396 0.229 0.333 0.093 0.296 0.117 0.000 0.000 0.070 0.144 0.161 0.155 0.343 0.000 0.511 0.455 0.147 0.402 0.224 0.000 0.231 0.000 0.235 0.298 0.395 0.251 0.218 0.163 0.122 0.276 0.000  
0.000 0.240 0.088 0.303 0.409 0.000 0.000 0.417 0.449 0.454 0.206 0.426 0.100 0.201 0.290 0.308 0.479 0.428 0.196 0.000 0.259 0.225 0.000 0.310 0.271 0.273 0.157 0.000 0.338 0.000 0.207 0.375 0.194 0.258 0.102 0.215 0.330 0.089 0.000 0.177 0.326 0.158 0.257 0.234 0.196 0.484 0.533 0.000 0.000 0.222 0.000 0.216 0.257 0.137 0.000 0.000 0.446 0.130 0.196 0.000 0.414 0.072 0.000 0.311 0.000 0.378 0.106 0.190 0.092 0.000 0.194 0.324 0.336 0.167 0.286 0.357 0.341 0.000 0.152 0.570 0.000 0.000 0.359 0.000 0.263 0.149 0.197 0.406 0.284 0.000 0.269 0.159 0.000 0.000 0.000 0.174 0.282 0.000 0.000  
0.248 0.353 0.291 0.175 0.252 0.407 0.000 0.121 0.517 0.000 0.097 0.320 0.165 0.246 0.339 0.555 0.245 0.170 0.167 0.352 0.000 0.517 0.587 0.000 0.244 0.000 0.000 0.418 0.000 0.126 0.000 0.286 0.228 0.000 0.444 0.294 0.000 0.294 0.000 0.000 0.123 0.170 0.137 0.000 0.000 0.155 0.000 0.000 0.150 0.265 0.162 0.000 0.000 0.000 0.591 0.144 0.217 0.362 0.000 0.176 0.211 0.203 0.407 0.099 0.504 0.000 0.259 0.322 0.000 0.151 0.000 0.238 0.000 0.209 0.214 0.229 0.230 0.000 0.240 0.000 0.301 0.458 0.282 0.000 0.142 0.000 0.256 0.258 0.000 0.292 0.185 0.309 0.332 0.141 0.224 0.146 0.278 0.000 0.000  
0.332 0.000 0.386 0.161 0.268 0.158 0.343 0.242 0.473 0.159 0.311 0.232 0.501 0.000 0.000 0.000 0.103 0.237 0.335 0.000 0.204 0.000 0.000 0.202 0.000 0.000 0.000 0.090 0.000 0.176 0.000 0.000 0.000 0.317 0.000 0.000 0.000 0.257 0.000 0.159 0.000 0.395 0.000 0.256 0.000 0.317 0.247 0.000 0.430 0.286 0.000 0.000 0.129 0.212 0.000 0.121 0.000 0.139 0.178 0.516 0.149 0.369 0.125 0.217 0.108 0.229 0.137 0.000 0.108 0.173 0.340 0.227 0.133 0.342 0.045 0.299 0.131 0.326 0.369 0.000 0.000 0.000 0.000 0.181 0.000 0.205 0.278 0.198 0.300 0.137 0.254 0.103 0.000 0.281 0.347 0.000 0.000 0.325 0.000  
0.213 0.000 0.232 0.322 0.156 0.172 0.183 0.000 0.452 0.187 0.317 0.222 0.113 0.338 0.375 0.184 0.463 0.377 0.000 0.000 0.108 0.000 0.000 0.000 0.000 0.000 0.234 0.256 0.261 0.156 0.465 0.206 0.000 0.415 0.268 0.000 0.164 0.322 0.000 0.000 0.000 0.295 0.000 0.153 0.000 0.238 0.317 0.251 0.000 0.000 0.000 0.000 0.276 0.307 0.528 0.000 0.000 0.000 0.000 0.155 0.307 0.265 0.202 0.340 0.178 0.000 0.163 0.255 0.277 0.393 0.000 0.206 0.000 0.000 0.066 0.301 0.159 0.276 0.000 0.000 0.518 0.366 0.062 0.000 0.457 0.378 0.000 0.233 0.421 0.000 0.000 0.000 0.000 0.000 0.000 0.390 0.000 0.000 0.000  
0.170 0.000 0.000 0.330 0.311 0.180 0.098 0.000 0.187 0.000 0.411 0.000 0.000 0.089 0.000 0.385 0.325 0.234 0.319 0.000 0.000 0.249 0.392 0.211 0.269 0.245 0.000 0.000 0.000 0.101 0.063 0.123 0.000 0.247 0.000 0.234 0.000 0.000 0.170 0.382 0.000 0.177 0.211 0.115 0.095 0.193 0.352 0.000 0.305 0.158 0.000 0.646 0.277 0.190 0.000 0.430 0.000 0.233 0.000 0.059 0.210 0.303 0.225 0.000 0.204 0.320 0.350 0.275 0.112 0.000 0.000 0.188 0.101 0.265 0.137 0.000 0.000 0.240 0.186 0.467 0.000 0.000 0.000 0.000 0.188 0.136 0.000 0.187 0.161 0.000 0.243 0.000 0.000 0.000 0.000 0.000 0.210 0.000 0.000  
0.203 0.000 0.515 0.166 0.357 0.276 0.175 0.204 0.433 0.511 0.280 0.235 0.265 0.311 0.800 0.169 0.000 0.000 0.324 0.181 0.000 0.395 0.000 0.000 0.100 0.477 0.122 0.000 0.225 0.280 0.200 0.000 0.239 0.181 0.000 0.219 0.000 0.447 0.000 0.216 0.230 0.158 0.000 0.547 0.224 0.237 0.224 0.000 0.000 0.000 0.093 0.100 0.176 0.000 0.391 0.182 0.263 0.250 0.000 0.229 0.000 0.000 0.316 0.000 0.287 0.000 0.290 0.268 0.000 0.323 0.000 0.220 0.000 0.000 0.486 0.000 0.100 0.000 0.000 0.375 0.198 0.000 0.156 0.000 0.202 0.000 0.000 0.174 0.078 0.101 0.225 0.181 0.151 0.000 0.287 0.000 0.000 0.227 0.000  
